10.000000
14.000000
-1.000000
-1.000000
2.000000
0.000000
1;2;3;4;5;6;7;8;9;10;12;13;14;15
0.025974025974026;1.82682463230345;0.402914656274414;0.585550464552265;0.14474177509398;0.0342640912580966;0.398174366769595;15.9050187019679;0.0145088308629783;0.645446070435773;0.95215741737657;0.0518480089766482;7.67131422921326;2.64700364747798
3;0.0076515549;0.1830826998;0.0169628691;0;0.0087033007;0.0198429544;1e-09;0.0057163029;0.0020631363;8.07678e-05;2.7e-09;0;9e-10
0.6247728344120673;-1.582687847227851;1.161084887165488;1.220518876296978;-0.8504530990035443;-0.1287671077251464;-0.4344558175404138;-0.9971357504420373;1.355688460835099;-1.597599604925649
-0.00990763724157739
0.06020420663519807;-1.976617672192728;-4.07005027169255;-0.9676939159824861;1.535617756071033;0.5251714555017539;0.3500348763785066;0.6188783333670334;2.579038218280637;-0.8152005600537111;-0.2627871522747882;0.6509300600740909;1.577884573894408;-0.8946265187189045
0.6576099521307324;0.3596248433975731;0.6266473573303875;0.03981491961707971;0.4067414108274343;0.3751155494206811;-0.6824428844141835;0.6502997036634555;-0.4852218737215317;0.5399332159484768;0.3260158701251289;0.1814976709915012;0.01524144476170441;-0.2277030991403301
-0.1198060653992947;-0.3791142459423764;0.4947112373690093;-0.0747645665843239;-0.2045034030864528;-0.5400383410823537;-0.435796001905529;-0.3598777480581716;0.2080337952744067;-0.1399052051224871;-0.5139189551455694;0.6047393694583537;-0.728115437596123;-0.4596415271302874
-0.6006153806112697;1.865623847116897;3.951169562326293;1.491944397401503;-0.4022317670539145;-0.6091066859498052;-0.439605149550767;-0.6408022039361534;-2.098442324111416;1.192848153646874;-0.8193225263039585;-0.3121653459298007;-0.4592557720121794;1.019074467573918
0.395370667243352;-1.585513590614877;-4.484315559444362;-1.501942526549731;-0.1857812782026879;0.9204365932121253;0.8307882002215305;0.6287767836061353;1.934781854267456;-1.060892236001562;-0.005277313543482997;0.4012674735525682;1.08824246840629;-0.2733217268253745
-0.1919555942655668;0.08439989520991016;-0.6502410779374577;-0.2995959194725439;0.275008296658373;0.5728145892057637;-0.5350261391350395;-0.6017848845399918;0.4086886044292675;-0.6341719175990567;-0.08941377712787035;-0.5147256052723588;0.02045708829825651;-1.106437023105826
-0.3228195933045825;-0.5139648569361311;0.2993371201545795;0.1647308377567224;0.5968156974292271;-0.02908043417407938;-0.3601167927061928;-0.4534021913355737;0.02595680818574696;-0.47923794010534;-0.6503717643788005;0.074726504863982;-0.4812938790998746;-0.6554281057553955
-0.2476644351234371;-0.1122226877926768;0.1053891553966334;0.1169753974150522;-0.1634065804757552;0.1884624306276585;0.9100501225738873;0.7069604297900011;0.4989210033174724;0.5134601322737966;-0.3811877493300829;-0.3890102195013135;0.3063582586172831;0.6600240034645929
0.6267956218664752;0.6262836567057016;-0.01991485799522479;-0.5922640518240487;-0.4925908395169376;0.09706061221926934;-0.2231075315264069;-0.5742073868769128;0.1691164648286966;-0.2407520490741105;-0.5984391610464919;-0.2276917033976349;0.6320906798321312;0.001428108995580533
-0.1557628207562969;0.6006892733964676;-0.4224785533191051;0.7533439798346265;0.1957608733811024;-0.2322884609140947;0.2549101788172482;-0.295695212114328;-0.06972661036757657;0.7011522134999061;0.7356177123852237;-0.349249926772594;0.1440863223673603;0.5283653046224942
-6.18525593151373;-1.184387459944514;0.579453260472193;5.913860143975517;-6.164747668821254;-0.0802723629379018;-0.3019290018434419;-0.8989045846047599;-0.4205462345643246;1.016116539121225
